4294967294,69
4294967278,343
4294967294,61
4294967294,165
4294967294,24
4294967294,167
4294967294,1413
4294967294,31
4294967278,239
4294967294,1423
4294967294,1418
4294967294,1048
4294967294,1419
4294967279,238
4294967294,474
4294967279,339
4294967279,156
4294967279,338
4294967278,427
4294967294,473
4294967278,221
4294967294,1032
4294967294,1026
4294967294,179
4294967279,137
4294967279,323
4294967278,355
4294967279,551
4294967278,235
4294967279,289
4294967279,213
4294967278,404
625,6
625,1
619,4
4294967293,131
4294967293,130
4294967293,129
4294967293,128
4294967293,127
4294967293,126
4294967293,125
4294967293,124
4294967293,123
4294967293,122
4294967293,121
4294967293,120
4294967293,119
4294967293,118
4294967293,117
4294967293,116
4294967293,115
4294967293,114
4294967293,113
4294967293,112
4294967293,111
4294967293,110
4294967293,109
4294967293,108
4294967293,107
4294967293,106
4294967293,105
4294967293,104
4294967293,103
4294967293,102
4294967293,101
4294967293,100
4294967293,99
4294967293,98
4294967293,97
4294967293,96
4294967293,95
4294967293,94
4294967293,93
4294967293,92
4294967293,91
4294967293,90
4294967293,89
4294967293,87
4294967293,86
4294967293,85
4294967293,84
4294967293,83
4294967293,82
4294967293,81
4294967293,80
4294967293,79
4294967293,78
4294967293,77
4294967293,76
4294967293,75
4294967293,74
4294967293,73
4294967293,72
4294967293,71
4294967293,70
4294967293,69
4294967293,68
4294967293,67
4294967293,66
4294967293,65
4294967293,64
4294967293,63
4294967293,62
4294967293,61
4294967293,60
4294967293,59
4294967293,58
4294967293,57
4294967293,56
4294967293,55
4294967293,54
4294967293,53
4294967293,52
4294967293,51
4294967293,50
4294967293,49
4294967293,48
4294967293,47
4294967293,46
4294967293,45
4294967293,44
4294967293,43
4294967293,42
4294967293,41
4294967293,40
4294967293,39
4294967293,38
4294967293,37
4294967293,36
4294967293,35
4294967293,34
4294967293,33
4294967293,32
4294967293,31
4294967293,30
4294967293,29
4294967293,28
4294967293,27
4294967293,26
4294967293,25
4294967293,24
4294967293,23
4294967293,22
4294967293,21
4294967293,20
4294967293,19
4294967293,18
4294967293,17
4294967293,16
4294967293,15
4294967293,14
4294967293,13
4294967293,12
4294967293,11
4294967293,10
4294967293,9
4294967293,8
4294967293,7
4294967293,6
4294967293,5
4294967293,4
4294967293,3
4294967278,301
4294967278,245
4294967278,344
4294967279,128
4294967279,127
4294967279,126
4294967279,125
4294967279,124
4294967279,123
4294967279,122
4294967279,121
4294967279,120
4294967279,119
4294967279,118
4294967279,117
4294967279,116
4294967279,115
4294967279,114
4294967279,113
4294967279,112
4294967279,111
4294967279,110
4294967279,109
4294967279,108
4294967279,107
4294967279,106
4294967279,105
4294967279,104
4294967279,103
4294967279,102
4294967279,101
4294967279,100
4294967279,99
4294967279,98
4294967279,97
4294967279,96
4294967279,95
4294967279,94
4294967279,93
4294967279,92
4294967279,91
4294967279,90
4294967279,89
4294967279,87
4294967279,86
4294967279,85
4294967279,84
4294967279,83
4294967279,296
4294967279,292
4294967278,332
4294967279,561
4294967279,310
4294967279,552
4294967279,240
4294967279,309
4294967278,199
735,6
735,5
735,4
735,3
735,2
735,1
4294967278,293
4294967278,436
4294967279,566
4294967279,529
4294967278,381
4294967278,341
4294967278,184
4294967279,183
4294967279,182
4294967278,176
4294967278,175
732,6
732,5
732,4
732,3
732,2
732,1
4294967279,545
4294967278,300
4294967279,159
4294967279,160
4294967279,158
4294967278,440
4294967279,558
4294967279,546
4294967278,406
4294967279,149
4294967278,147
4294967278,144
729,6
4294967278,146
4294967278,60
4294967278,59
4294967278,58
4294967278,56
4294967278,55
4294967278,54
4294967278,53
4294967278,52
4294967278,51
4294967278,50
4294967278,49
4294967278,48
4294967278,47
4294967278,46
4294967278,45
4294967278,44
4294967278,43
4294967278,42
4294967278,41
4294967278,40
4294967278,39
4294967278,38
4294967278,37
4294967278,36
4294967278,35
4294967278,34
4294967278,33
4294967278,32
4294967278,31
4294967278,30
4294967278,29
4294967278,28
4294967278,360
4294967278,27
4294967278,26
4294967278,25
4294967278,24
4294967278,23
4294967278,22
4294967278,21
4294967278,442
4294967278,20
4294967278,19
4294967278,18
4294967278,17
4294967278,16
4294967278,15
4294967278,14
4294967278,349
4294967278,13
4294967278,12
4294967278,11
4294967278,10
4294967278,9
4294967278,8
4294967278,299
4294967278,6
4294967278,5
4294967278,4
4294967279,132
4294967279,131
4294967279,130
4294967279,129
4294967279,174
4294967279,307
4294967279,79
4294967279,78
4294967279,76
4294967279,74
4294967279,73
4294967279,71
4294967279,70
4294967279,69
4294967279,67
4294967279,66
4294967279,65
4294967279,64
4294967279,62
4294967279,61
4294967279,60
4294967279,59
4294967279,53
4294967279,51
4294967279,48
4294967279,46
4294967279,41
4294967279,39
4294967279,38
4294967279,36
4294967279,33
4294967279,32
4294967279,24
4294967279,23
4294967279,18
4294967279,13
4294967279,11
4294967279,10
729,5
729,4
729,3
729,2
729,1
4294967278,369
4294967278,403
4294967279,251
4294967279,141
4294967279,140
4294967279,28
4294967279,136
4294967278,136
4294967279,135
4294967279,134
4294967279,19
4294967279,271
4294967279,270
4294967294,1038
4294967294,1045
4294967294,192
4294967278,7
4294967278,402
4294967279,277
4294967278,269
4294967279,261
726,7
4294967279,275
726,6
726,5
4294967279,258
726,4
726,2
726,1
4294967279,257
4294967279,308
4294967279,268
4294967278,401
4294967279,253
4294967294,415
4294967294,1040
4294967294,461
4294967294,463
4294967294,457
4294967279,286
4294967278,257
4294967279,319
4294967279,314
4294967278,350
4294967278,318
4294967294,392
4294967278,298
4294967279,311
4294967278,250
4294967278,400
4294967279,522
4294967278,248
4294967278,237
4294967278,236
4294967278,326
4294967294,1424
4294967278,234
4294967278,228
4294967278,399
